NJ3400100000County subdivisions not defined                                         0        0             0     142757361    0.000000   55.118928 39.323904 -74.493275
NJ3400100100Absecon city                                                         7638     2902      14807423       3131184    5.717178    1.208957 39.430416 -74.503911
NJ3400102080Atlantic City city                                                  40517    20219      29396135      15546550   11.349912    6.002557 39.364966 -74.439034
NJ3400107810Brigantine city                                                     12594     9304      16650411       8695620    6.428760    3.357398 39.402150 -74.379074
NJ3400108680Buena borough                                                        3873     1553      19702749             0    7.607274    0.000000 39.523475 -74.945736
NJ3400108710Buena Vista township                                                 7436     2827     107131674        422625   41.363772    0.163176 39.532508 -74.892704
NJ3400115160Corbin City city                                                      468      204      20428510       2843211    7.887492    1.097770 39.301631 -74.753957
NJ3400120290Egg Harbor township                                                 30726    12067     174432209      19700800   67.348655    7.606522 39.393454 -74.592918
NJ3400120350Egg Harbor City city                                                 4545     1770      28766751       1116682   11.106905    0.431153 39.549881 -74.617501
NJ3400121870Estell Manor city                                                    1585      546     138739378       3477169   53.567576    1.342543 39.374822 -74.771300
NJ3400123940Folsom borough                                                       1972      702      21419041        480096    8.269938    0.185366 39.592363 -74.847887
NJ3400125560Galloway township                                                   31209    11406     234359500      62973779   90.486713   24.314313 39.492797 -74.559507
NJ3400129280Hamilton township                                                   20499     7567     288221182       4421521  111.282825    1.707159 39.484865 -74.758620
NJ3400129430Hammonton town                                                      12604     4843     106861875        551687   41.259602    0.213008 39.641181 -74.786162
NJ3400140530Linwood city                                                         7172     2751       9914962        812554    3.828188    0.313729 39.348044 -74.572325
NJ3400141370Longport borough                                                     1054     1574        987206       3223647    0.381162    1.244657 39.315166 -74.524907
NJ3400143890Margate City city                                                    8193     7006       3642634        456238    1.406429    0.176154 39.329416 -74.506613
NJ3400149410Mullica township                                                     5912     2176     146551309        924520   56.583779    0.356959 39.584625 -74.687312
NJ3400152950Northfield city                                                      7725     2922       8873118         63853    3.425930    0.024654 39.370066 -74.554118
NJ3400159640Pleasantville city                                                  19012     7042      14960760       4007576    5.776382    1.547334 39.395566 -74.522956
NJ3400160600Port Republic city                                                   1037      389      19745547       2724705    7.623799    1.052015 39.527903 -74.491709
NJ3400168430Somers Point city                                                   11614     5402      10433310       2945084    4.028324    1.137103 39.319165 -74.600300
NJ3400175620Ventnor City city                                                   12910     8009       5551350       3634168    2.143388    1.403160 39.342299 -74.481922
NJ3400180330Weymouth township                                                    2257      909      31598671        950999   12.200316    0.367183 39.421627 -74.788922
NJ3400300700Allendale borough                                                    6699     2143       8092694         65253    3.124607    0.025194 41.032713 -74.133824
NJ3400301090Alpine borough                                                       2183      730      16461774       7295059    6.355927    2.816638 40.954346 -73.930472
NJ3400305170Bergenfield borough                                                 26247     9147       7498742         10756    2.895281    0.004153 40.923748 -73.998795
NJ3400306490Bogota borough                                                       8249     2915       1970687        150321    0.760887    0.058039 40.873876 -74.027699
NJ3400310480Carlstadt borough                                                    5917     2473      10241142        717880    3.954127    0.277175 40.836473 -74.081237
NJ3400313570Cliffside Park borough                                              23007    10375       2498687             0    0.964748    0.000000 40.821540 -73.989493
NJ3400313810Closter borough                                                      8383     2865       8210749        319517    3.170188    0.123366 40.971896 -73.964368
NJ3400315820Cresskill borough                                                    7746     2702       5533049             0    2.136322    0.000000 40.942074 -73.965049
NJ3400317530Demarest borough                                                     4845     1634       5354126         12437    2.067240    0.004802 40.955603 -73.960446
NJ3400318400Dumont borough                                                      17503     6465       5144074             0    1.986138    0.000000 40.945173 -73.993425
NJ3400319510East Rutherford borough                                              8716     3771       9861844        875853    3.807679    0.338169 40.830158 -74.097079
NJ3400320020Edgewater borough                                                    7677     4277       2194490       4066142    0.847297    1.569946 40.829893 -73.973911
NJ3400321300Elmwood Park borough                                                18925     7242       6874781        285221    2.654368    0.110124 40.905639 -74.119909
NJ3400321450Emerson borough                                                      7197     2398       5795507        476206    2.237658    0.183864 40.975140 -74.027258
NJ3400321480Englewood city                                                      26203     9614      12751938         35898    4.923551    0.013860 40.893343 -73.975801
NJ3400321510Englewood Cliffs borough                                             5322     1889       5417526       3336520    2.091719    1.288238 40.882622 -73.952498
NJ3400322470Fair Lawn borough                                                   31637    12006      13386640        132205    5.168611    0.051045 40.933943 -74.116711
NJ3400322560Fairview borough                                                    13255     4988       2202708             0    0.850470    0.000000 40.816737 -74.000826
NJ3400324420Fort Lee borough                                                    35461    17446       6559439        901862    2.532614    0.348211 40.849879 -73.975014
NJ3400324990Franklin Lakes borough                                              10422     3395      24482224        975066    9.452640    0.376475 41.010433 -74.208471
NJ3400325770Garfield city                                                       29786    11698       5519865        163072    2.131232    0.062962 40.879858 -74.108077
NJ3400326640Glen Rock borough                                                   11546     4024       7042631         32593    2.719175    0.012584 40.961109 -74.125766
NJ3400328680Hackensack city                                                     42677    18945      10670984        485386    4.120090    0.187409 40.887797 -74.047978
NJ3400330150Harrington Park borough                                              4740     1583       4804945        551182    1.855200    0.212813 40.989357 -73.979588
NJ3400330420Hasbrouck Heights borough                                           11662     4617       3904917             0    1.507697    0.000000 40.862890 -74.075062
NJ3400330540Haworth borough                                                      3390     1146       5068419       1042956    1.956928    0.402688 40.960118 -73.988773
NJ3400331920Hillsdale borough                                                   10087     3547       7722075         10274    2.981510    0.003967 41.007389 -74.042472
NJ3400332310Ho-Ho-Kus borough                                                    4060     1465       4510885         19782    1.741663    0.007638 41.001695 -74.102396
NJ3400340020Leonia borough                                                       8914     3343       3899025        304403    1.505422    0.117531 40.863413 -73.988273
NJ3400340680Little Ferry borough                                                10800     4449       3953529        415686    1.526466    0.160497 40.849338 -74.040868
NJ3400341100Lodi borough                                                        23971     9908       5862238         13398    2.263423    0.005173 40.877999 -74.082659
NJ3400342090Lyndhurst township                                                  19383     8103      12039758        665694    4.648577    0.257026 40.807600 -74.120393
NJ3400342750Mahwah township                                                     24062     9577      67159747        692091   25.930524    0.267218 41.077102 -74.161472
NJ3400344880Maywood borough                                                      9523     3777       3366611             0    1.299856    0.000000 40.905030 -74.062795
NJ3400346110Midland Park borough                                                 6947     2650       4052863          9156    1.564819    0.003535 40.993120 -74.142869
NJ3400347610Montvale borough                                                     7034     2590      10293568         12821    3.974369    0.004950 41.048997 -74.040523
NJ3400347700Moonachie borough                                                    2754     1074       4467789          2528    1.725023    0.000976 40.841668 -74.059009
NJ3400351660New Milford borough                                                 16400     6437       5983318             0    2.310172    0.000000 40.936211 -74.018809
NJ3400352320North Arlington borough                                             15181     6529       6686022         94351    2.581488    0.036429 40.791320 -74.133041
NJ3400353430Northvale borough                                                    4460     1596       3416339          9160    1.319056    0.003537 41.011215 -73.952080
NJ3400353610Norwood borough                                                      5751     1888       7122010         13923    2.749824    0.005376 40.994442 -73.955866
NJ3400353850Oakland borough                                                     12466     4345      22283045        381566    8.603532    0.147323 41.028884 -74.237274
NJ3400354870Old Tappan borough                                                   5482     1804       8364637       2190244    3.229605    0.845658 41.011342 -73.983546
NJ3400354990Oradell borough                                                      8047     2833       6279522        326034    2.424537    0.125882 40.953126 -74.033799
NJ3400355770Palisades Park borough                                              17073     6386       3133337        164507    1.209788    0.063517 40.845742 -73.994795
NJ3400355950Paramus borough                                                     25737     8209      27122481             0   10.472049    0.000000 40.947107 -74.070471
NJ3400356130Park Ridge borough                                                   8708     3258       6725866        109674    2.596871    0.042345 41.034672 -74.040656
NJ3400361680Ramsey borough                                                      14351     5400      14388572        128109    5.555459    0.049463 41.058819 -74.142382
NJ3400362910Ridgefield borough                                                  10830     4120       6759247        664229    2.609760    0.256460 40.832590 -74.004960
NJ3400362940Ridgefield Park village                                             12873     5134       4483875        497697    1.731234    0.192162 40.857119 -74.024272
NJ3400363000Ridgewood village                                                   24936     8802      14988380        120352    5.787046    0.046468 40.983997 -74.114386
NJ3400363360River Edge borough                                                  10946     4210       4884156         48132    1.885783    0.018584 40.927579 -74.037394
NJ3400363690River Vale township                                                  9449     3312      10559098        608438    4.076891    0.234919 41.015284 -74.010324
NJ3400363990Rochelle Park township                                               5528     2111       2707699             0    1.045448    0.000000 40.906553 -74.077972
NJ3400364170Rockleigh borough                                                     391       80       2517963             0    0.972191    0.000000 41.007458 -73.932056
NJ3400365280Rutherford borough                                                  18110     7214       7270152        299819    2.807021    0.115761 40.828922 -74.110644
NJ3400365340Saddle Brook township                                               13155     5161       7053001         20020    2.723179    0.007730 40.904131 -74.094742
NJ3400365400Saddle River borough                                                 3201     1183      12902254             0    4.981588    0.000000 41.025008 -74.099057
NJ3400368970South Hackensack township                                            2249      830       1842639         51006    0.711447    0.019694 40.863699 -74.046439
NJ3400372360Teaneck township                                                    39260    13719      15676770        512808    6.052835    0.197996 40.890964 -74.011156
NJ3400372420Tenafly borough                                                     13806     4897      11945337       1510258    4.612121    0.583114 40.922139 -73.963772
NJ3400372480Teterboro borough                                                      18        8       2880734             0    1.112258    0.000000 40.853723 -74.059872
NJ3400375140Upper Saddle River borough                                           7741     2560      13706909         11024    5.292267    0.004256 41.063495 -74.099860
NJ3400376400Waldwick borough                                                     9622     3495       5398520         21846    2.084380    0.008435 41.013109 -74.122311
NJ3400376490Wallington borough                                                  11583     4906       2578966        108778    0.995744    0.041999 40.852931 -74.109251
NJ3400377135Washington township                                                  8938     3245       7537804        118403    2.910363    0.045716 40.991253 -74.059843
NJ3400380270Westwood borough                                                    10999     4610       6003619         10603    2.318010    0.004094 40.988548 -74.030747
NJ3400382300Woodcliff Lake borough                                               5745     1842       8624361        539213    3.329885    0.208191 41.023343 -74.058629
NJ3400382570Wood-Ridge borough                                                   7644     3087       2845126             0    1.098509    0.000000 40.847638 -74.087549
NJ3400383050Wyckoff township                                                    16508     5638      16955639         63340    6.546609    0.024456 40.998583 -74.167104
NJ3400503370Bass River township                                                  1510      602     196533308       6139183   75.881938    2.370352 39.657806 -74.449341
NJ3400505740Beverly city                                                         2661     1042       1495579        505427    0.577446    0.195146 40.063011 -74.920177
NJ3400506670Bordentown city                                                      3969     1884       2388611        129168    0.922248    0.049872 40.145900 -74.710148
NJ3400506700Bordentown township                                                  8380     3436      22036697       2002355    8.508417    0.773114 40.147418 -74.698289
NJ3400508920Burlington city                                                      9736     4181       7770508       1872050    3.000210    0.722803 40.073110 -74.855693
NJ3400508950Burlington township                                                 20294     7348      34897141       1296218   13.473862    0.500473 40.065261 -74.840037
NJ3400512670Chesterfield township                                                5955      924      55463547        241792   21.414596    0.093356 40.129089 -74.637191
NJ3400512940Cinnaminson township                                                14595     5147      19683519       1180469    7.599849    0.455782 39.994899 -74.992064
NJ3400517080Delanco township                                                     3237     1285       6443389       2326647    2.487807    0.898323 40.050861 -74.951329
NJ3400517440Delran township                                                     15536     5936      17198349       1589128    6.640320    0.613566 40.015879 -74.956436
NJ3400518790Eastampton township                                                  6202     2312      14901661        203514    5.753564    0.078577 39.995494 -74.757649
NJ3400520050Edgewater Park township                                              7864     3301       7538597        327466    2.910669    0.126435 40.056161 -74.908523
NJ3400522110Evesham township                                                    42275    16324      76509445        429832   29.540463    0.165959 39.879313 -74.901688
NJ3400523250Fieldsboro borough                                                    522      204        703780             0    0.271731    0.000000 40.137118 -74.729209
NJ3400523850Florence township                                                   10746     4391      25154167       1096526    9.712079    0.423371 40.114210 -74.793745
NJ3400529010Hainesport township                                                  4126     1555      16888479        510633    6.520678    0.197157 39.981312 -74.833039
NJ3400542060Lumberton township                                                  10461     4080      33326139        434742   12.867295    0.167855 39.967812 -74.800396
NJ3400543290Mansfield township                                                   5090     2122      56263178        365252   21.723335    0.141025 40.082755 -74.713801
NJ3400543740Maple Shade township                                                19079     9009       9963735             0    3.847020    0.000000 39.952212 -74.994646
NJ3400545120Medford township                                                    22253     8147     101832081       1272986   39.317588    0.491503 39.865338 -74.821371
NJ3400545210Medford Lakes borough                                                4173     1555       3120935        263351    1.205000    0.101680 39.857032 -74.807616
NJ3400547880Moorestown township                                                 19017     7211      38260147        402265   14.772326    0.155315 39.968962 -74.948900
NJ3400548900Mount Holly township                                                10728     4248       7407932         55665    2.860219    0.021492 39.995070 -74.786839
NJ3400549020Mount Laurel township                                               40221    17163      56482057        317334   21.807845    0.122523 39.949446 -74.903424
NJ3400551510New Hanover township                                                 9744     1381      57713968        268830   22.283489    0.103796 40.033170 -74.581770
NJ3400553070North Hanover township                                               7347     2670      44910713        107652   17.340124    0.041565 40.059172 -74.577497
NJ3400555800Palmyra borough                                                      7091     3219       5120148       1139810    1.976900    0.440083 40.002780 -75.026263
NJ3400557480Pemberton borough                                                    1210      513       1540358         39719    0.594736    0.015336 39.970320 -74.683368
NJ3400557510Pemberton township                                                  28691    10778     159739758       2119207   61.675868    0.818230 39.960639 -74.583974
NJ3400563510Riverside township                                                   7911     3118       3942368        266668    1.522157    0.102961 40.035061 -74.957297
NJ3400563660Riverton borough                                                     2759     1113       1699320        739064    0.656111    0.285354 40.009712 -75.011915
NJ3400566810Shamong township                                                     6462     2175     116063312        644855   44.812297    0.248980 39.777373 -74.735346
NJ3400568610Southampton township                                                10388     4751     114045941        634488   44.033386    0.244977 39.909858 -74.712721
NJ3400569990Springfield township                                                 3227     1138      77789664         28845   30.034758    0.011137 40.035423 -74.705196
NJ3400572060Tabernacle township                                                  7170     2385     128090837        159802   49.456151    0.061700 39.831400 -74.682021
NJ3400577150Washington township                                                   621      171     259363019       7040124  100.140626    2.718207 39.695393 -74.563188
NJ3400578200Westampton township                                                  7217     2581      28596954        305888   11.041346    0.118104 40.014317 -74.826024
NJ3400581440Willingboro township                                                33008    11124      19915067        864605    7.689251    0.333826 40.027511 -74.883549
NJ3400582420Woodland township                                                    1170      448     248483049       1155097   95.939846    0.445985 39.847109 -74.514933
NJ3400582960Wrightstown borough                                                   748      339       4556808             0    1.759393    0.000000 40.032260 -74.622574
NJ3400702200Audubon borough                                                      9182     3813       3859161         39696    1.490030    0.015327 39.890563 -75.070423
NJ3400702230Audubon Park borough                                                 1102      499        377448         41062    0.145733    0.015854 39.898213 -75.089628
NJ3400703250Barrington borough                                                   7084     3164       4159112             0    1.605842    0.000000 39.870480 -75.052575
NJ3400704750Bellmawr borough                                                    11262     4561       7850452        269261    3.031077    0.103962 39.867013 -75.091622
NJ3400705440Berlin borough                                                       6149     2275       9266719             0    3.577900    0.000000 39.793015 -74.935180
NJ3400705470Berlin township                                                      5290     2009       8411218             0    3.247590    0.000000 39.807695 -74.933924
NJ3400708170Brooklawn borough                                                    2354     1025       1218542        129933    0.470482    0.050167 39.879596 -75.120074
NJ3400710000Camden city                                                         79904    29769      22849663       4032088    8.822305    1.556798 39.937195 -75.106186
NJ3400712280Cherry Hill township                                                69965    27074      62812947        294740   24.252215    0.113800 39.908613 -74.999519
NJ3400712550Chesilhurst borough                                                  1520      535       4444191             0    1.715912    0.000000 39.731549 -74.876067
NJ3400713420Clementon borough                                                    4986     2206       4898466        143261    1.891308    0.055313 39.805847 -74.984218
NJ3400714260Collingswood borough                                                14326     6866       4735589        244409    1.828421    0.094367 39.916141 -75.074671
NJ3400726070Gibbsboro borough                                                    2435      847       5685105         99313    2.195031    0.038345 39.833847 -74.968996
NJ3400726760Gloucester township                                                 64350    24257      60141928        269862   23.220929    0.104194 39.802364 -75.044723
NJ3400726820Gloucester City city                                                11484     4604       5704823       1634228    2.202645    0.630979 39.894262 -75.117480
NJ3400728740Haddon township                                                     14651     6423       6970932        281101    2.691492    0.108534 39.906013 -75.062652
NJ3400728770Haddonfield borough                                                 11659     4620       7320863         80286    2.826601    0.030999 39.896280 -75.035908
NJ3400728800Haddon Heights borough                                               7547     3136       4025683          9213    1.554325    0.003557 39.878863 -75.065570
NJ3400732220Hi-Nella borough                                                     1029      495        587430             0    0.226808    0.000000 39.837163 -75.020002
NJ3400739210Laurel Springs borough                                               1970      806       1210932             0    0.467543    0.000000 39.822147 -75.004238
NJ3400739420Lawnside borough                                                     2692     1110       3631870             0    1.402273    0.000000 39.866513 -75.031977
NJ3400740440Lindenwold borough                                                  17414     8244      10214507         72626    3.943843    0.028041 39.818464 -74.990746
NJ3400742630Magnolia borough                                                     4409     1836       2513424             0    0.970438    0.000000 39.854880 -75.035546
NJ3400745510Merchantville borough                                                3801     1607       1558374             0    0.601692    0.000000 39.949979 -75.050248
NJ3400748750Mount Ephraim borough                                                4495     1881       2282679         38321    0.881347    0.014796 39.881113 -75.091345
NJ3400753880Oaklyn borough                                                       4188     1893       1589474        213831    0.613699    0.082561 39.902063 -75.080389
NJ3400757660Pennsauken township                                                 35737    12945      27284175       4285931   10.534479    1.654807 39.956562 -75.055918
NJ3400758770Pine Hill borough                                                   10880     4444      10178975         77418    3.930124    0.029891 39.785014 -74.985523
NJ3400758920Pine Valley borough                                                    20       21       2466420         23301    0.952290    0.008997 39.784484 -74.970466
NJ3400765160Runnemede borough                                                    8533     3510       5411189         81454    2.089272    0.031450 39.851580 -75.076082
NJ3400768340Somerdale borough                                                    5192     2168       3558477             0    1.373936    0.000000 39.843958 -75.021211
NJ3400771220Stratford borough                                                    7271     2849       4090522             0    1.579359    0.000000 39.829014 -75.013710
NJ3400772240Tavistock borough                                                      24        7        658986             0    0.254436    0.000000 39.873846 -75.021546
NJ3400776220Voorhees township                                                   28126    11084      30052565         81064   11.603361    0.031299 39.851969 -74.961284
NJ3400777630Waterford township                                                  10494     3671      93735657        170524   36.191541    0.065840 39.751721 -74.849264
NJ3400781740Winslow township                                                    34611    12413     149430819       1023462   57.695564    0.395161 39.718603 -74.918886
NJ3400782450Woodlynne borough                                                    2796     1012        559654         44395    0.216084    0.017141 39.916446 -75.095404
NJ3400900000County subdivisions not defined                                         0        0             0     868626019    0.000000  335.378395 38.965806 -74.982370
NJ3400902320Avalon borough                                                       2143     5281      10916531       1747887    4.214896    0.674863 39.092928 -74.726880
NJ3400910270Cape May city                                                        4034     4064       6434833        827433    2.484503    0.319474 38.936814 -74.911094
NJ3400910330Cape May Point borough                                                241      501        761747         47399    0.294112    0.018301 38.936896 -74.965264
NJ3400917560Dennis township                                                      6492     2327     158897382       7601754   61.350625    2.935054 39.209883 -74.817812
NJ3400941610Lower township                                                      22945    13924      73094171       7381193   28.221818    2.849895 38.996214 -74.923771
NJ3400945810Middle township                                                     16405     7510     184598664      30646896   71.273946   11.832833 39.056527 -74.850383
NJ3400953490North Wildwood city                                                  4935     7411       4573667        923709    1.765903    0.356646 39.002271 -74.799339
NJ3400954360Ocean City city                                                     15378    20298      17918300      10764725    6.918295    4.156284 39.265371 -74.593814
NJ3400966390Sea Isle City city                                                   2835     6622       5703926        900504    2.202298    0.347687 39.145755 -74.698654
NJ3400971010Stone Harbor borough                                                 1128     3428       3669649       1472106    1.416859    0.568383 39.050716 -74.760950
NJ3400974810Upper township                                                      12115     5472     163565963      13784751   63.153174    5.322322 39.250989 -74.707538
NJ3400978530West Cape May borough                                                1095     1004       3070812             0    1.185647    0.000000 38.938621 -74.932708
NJ3400980210West Wildwood borough                                                 448      775        683335        222000    0.263837    0.085715 39.000209 -74.823945
NJ3400981170Wildwood city                                                        5436     6488       3342119        244674    1.290399    0.094469 38.988969 -74.819863
NJ3400981200Wildwood Crest borough                                               3980     4862       2984509        397907    1.152325    0.153633 38.972464 -74.838365
NJ3400981890Woodbine borough                                                     2716     1080      20712156             0    7.997008    0.000000 39.233087 -74.810236
NJ3401100000County subdivisions not defined                                         0        0             0     445752959    0.000000  172.106187 39.177897 -75.170366
NJ3401107600Bridgeton city                                                      22771     6795      16114542        584420    6.221860    0.225646 39.429564 -75.230461
NJ3401114710Commercial township                                                  5259     2171      84069559       5290431   32.459440    2.042647 39.289661 -75.030647
NJ3401116900Deerfield township                                                   2927     1065      43611721             0   16.838580    0.000000 39.468915 -75.133534
NJ3401118220Downe township                                                       1631     1134     131462285       8997800   50.757874    3.474070 39.273734 -75.127721
NJ3401122350Fairfield township                                                   6283     1915     109530892       3922539   42.290116    1.514501 39.387664 -75.218531
NJ3401128170Greenwich township                                                    847      361      47032118       1859144   18.159203    0.717820 39.402763 -75.357409
NJ3401133120Hopewell township                                                    4434     1683      77443155       2290380   29.900971    0.884321 39.442014 -75.270865
NJ3401139450Lawrence township                                                    2721     1023      97047057       2549671   37.470080    0.984434 39.350315 -75.170654
NJ3401144580Maurice River township                                               6928     1461     241929727       5991169   93.409594    2.313203 39.326316 -74.933582
NJ3401146680Millville city                                                      26847    10652     109685604       5662184   42.349850    2.186182 39.390765 -75.037641
NJ3401167020Shiloh borough                                                        534      204       3096249             0    1.195468    0.000000 39.458114 -75.297610
NJ3401171160Stow Creek township                                                  1429      560      47784953       1086042   18.449874    0.419323 39.452413 -75.348015
NJ3401174870Upper Deerfield township                                             7556     2881      80559735        365918   31.104289    0.141282 39.486815 -75.213632
NJ3401176070Vineland city                                                       56271    20958     177905818        739084   68.689823    0.285362 39.480415 -75.014013
NJ3401304695Belleville township                                                 35928    14144       8660705        178018    3.343917    0.068733 40.793500 -74.161448
NJ3401306260Bloomfield township                                                 47683    19508      13780999         17981    5.320874    0.006943 40.803000 -74.188959
NJ3401309220Caldwell borough                                                     7584     3396       3070885          2013    1.185675    0.000777 40.838932 -74.277033
NJ3401311200Cedar Grove township                                                12300     4470      10935663        340167    4.222283    0.131339 40.855854 -74.228981
NJ3401313045City of Orange township                                             32868    12665       5711866          5579    2.205364    0.002154 40.768300 -74.236031
NJ3401319390East Orange city                                                    69824    28485      10173108             0    3.927859    0.000000 40.766050 -74.211699
NJ3401321840Essex Fells borough                                                  2162      761       3650295         12551    1.409387    0.004846 40.827499 -74.280918
NJ3401322385Fairfield township                                                   7063     2326      27069895          3183   10.451745    0.001229 40.879049 -74.293781
NJ3401326610Glen Ridge borough                                                   7271     2490       3306697             0    1.276723    0.000000 40.804950 -74.204700
NJ3401334450Irvington township                                                  60695    24116       7657690             0    2.956651    0.000000 40.725651 -74.232076
NJ3401340890Livingston township                                                 27391     9457      35955551        481870   13.882516    0.186051 40.788733 -74.321340
NJ3401343800Maplewood township                                                  23868     8615       9959264          5252    3.845293    0.002028 40.728901 -74.268213
NJ3401346380Millburn township                                                   19765     7158      24305154       1336756    9.384273    0.516124 40.733751 -74.320141
NJ3401347500Montclair township                                                  38977    15531      16325313          9929    6.303239    0.003834 40.822249 -74.211989
NJ3401351000Newark city                                                        273546   100141      61633733       5608553   23.796918    2.165475 40.735201 -74.184938
NJ3401352620North Caldwell borough                                               7375     2108       7750184          8847    2.992363    0.003416 40.863532 -74.258700
NJ3401353680Nutley township                                                     27362    11118       8724261        155096    3.368456    0.059883 40.819600 -74.158770
NJ3401364590Roseland borough                                                     5298     2187       9375141          4076    3.619762    0.001574 40.819899 -74.306701
NJ3401369274South Orange Village township                                       16964     5671       7390086         11582    2.853328    0.004472 40.747650 -74.258811
NJ3401375815Verona township                                                     13533     5719       7127816         56861    2.752065    0.021954 40.832449 -74.242276
NJ3401378510West Caldwell township                                              11233     4044      13078965             0    5.049817    0.000000 40.848349 -74.288970
NJ3401379800West Orange township                                                44943    16901      31386369        290453   12.118345    0.112145 40.788650 -74.255416
NJ3401513360Clayton borough                                                      7139     2680      18597049        442323    7.180361    0.170782 39.657914 -75.087983
NJ3401517710Deptford township                                                   26763    10647      45312892        209656   17.495406    0.080949 39.819613 -75.122843
NJ3401519180East Greenwich township                                              5430     1971      38201111        579421   14.749532    0.223716 39.793914 -75.236862
NJ3401521060Elk township                                                         3514     1347      50841722        213143   19.630099    0.082295 39.669790 -75.142095
NJ3401524840Franklin township                                                   15466     5461     145067806       1093598   56.010995    0.422241 39.592790 -75.043283
NJ3401526340Glassboro borough                                                   19068     6555      23843211         35513    9.205916    0.013712 39.705914 -75.116651
NJ3401528185Greenwich township                                                   4879     1944      24127249       7103429    9.315583    2.742649 39.824159 -75.281877
NJ3401530180Harrison township                                                    8788     2939      49555429        118548   19.133459    0.045772 39.730073 -75.207306
NJ3401541160Logan township                                                       6032     2077      58582591      10892962   22.618866    4.205796 39.784674 -75.348550
NJ3401543440Mantua township                                                     14217     5411      41173952         13841   15.897352    0.005344 39.767302 -75.167552
NJ3401547250Monroe township                                                     28967    11069     120569068        976564   46.551979    0.377053 39.669429 -74.983541
NJ3401549680National Park borough                                                3205     1165       2578695       1146639    0.995640    0.442720 39.867158 -75.180201
NJ3401551390Newfield borough                                                     1616      620       4400724             0    1.699129    0.000000 39.548986 -75.022057
NJ3401557150Paulsboro borough                                                    6160     2628       5079670       1706873    1.961272    0.659027 39.835563 -75.241819
NJ3401559070Pitman borough                                                       9331     3653       5940420         68580    2.293609    0.026479 39.731347 -75.129547
NJ3401569030South Harrison township                                              2417      829      40923929         54807   15.800818    0.021161 39.698230 -75.260472
NJ3401571850Swedesboro borough                                                   2055      860       1880205         79794    0.725951    0.030809 39.748125 -75.311411
NJ3401577180Washington township                                                 47114    16020      55349555        321002   21.370584    0.123940 39.745864 -75.066798
NJ3401578110Wenonah borough                                                      2317      860       2521109             0    0.973406    0.000000 39.791813 -75.149495
NJ3401578800West Deptford township                                              19368     7999      41169637       4816851   15.895686    1.859797 39.842613 -75.173985
NJ3401580120Westville borough                                                    4500     1938       2497784       1015738    0.964400    0.392179 39.868013 -75.127564
NJ3401582120Woodbury city                                                       10307     4310       5380593        101466    2.077459    0.039176 39.837363 -75.153056
NJ3401582180Woodbury Heights borough                                             2988     1045       3175353             0    1.226011    0.000000 39.817013 -75.153379
NJ3401582840Woolwich township                                                    3032     1026      54246651        610832   20.944750    0.235844 39.737177 -75.309239
NJ3401703580Bayonne city                                                        61842    26826      14571283      14576955    5.626004    5.628194 40.666552 -74.117680
NJ3401719360East Newark borough                                                  2377      799        263884         49781    0.101886    0.019221 40.749901 -74.161105
NJ3401728650Guttenberg town                                                     10807     4650        499714        114796    0.192941    0.044323 40.793750 -74.006541
NJ3401730210Harrison town                                                       14424     5254       3162950        245816    1.221222    0.094910 40.745951 -74.155096
NJ3401732250Hoboken city                                                        38577    19915       3304120       1814601    1.275728    0.700621 40.744851 -74.032941
NJ3401736000Jersey City city                                                   240055    93648      38632377      16046068   14.916045    6.195422 40.722102 -74.065385
NJ3401736510Kearny town                                                         40513    13872      23668966       2713876    9.138639    1.047833 40.763051 -74.137187
NJ3401752470North Bergen township                                               58092    22009      13458264       1088835    5.196265    0.420402 40.794600 -74.019633
NJ3401766570Secaucus town                                                       15931     6385      15244023       1633359    5.885750    0.630643 40.787600 -74.061784
NJ3401774630Union City city                                                     67088    23741       3279807             0    1.266341    0.000000 40.767651 -74.031833
NJ3401777930Weehawken township                                                  13501     6159       2200415       1702138    0.849585    0.657199 40.767870 -74.021739
NJ3401779610West New York town                                                  45768    17360       2634477        792673    1.017177    0.306053 40.788400 -74.013090
NJ3401900550Alexandria township                                                  4698     1598      71319130        269808   27.536471    0.104173 40.586838 -75.036260
NJ3401905650Bethlehem township                                                   3820     1303      53968599             0   20.837393    0.000000 40.674162 -75.014355
NJ3401906370Bloomsbury borough                                                    886      342       2352325             0    0.908238    0.000000 40.654962 -75.082868
NJ3401909280Califon borough                                                      1055      410       2499444         30804    0.965041    0.011893 40.720250 -74.836533
NJ3401913720Clinton town                                                         2632     1095       3557835        110921    1.373688    0.042827 40.636142 -74.911016
NJ3401913750Clinton township                                                    12957     4234      77702424      10187013   30.001075    3.933228 40.630850 -74.868412
NJ3401917170Delaware township                                                    4478     1701      95167378        729964   36.744332    0.281841 40.442759 -74.957228
NJ3401918820East Amwell township                                                 4455     1624      74277772        114409   28.678809    0.044174 40.430908 -74.836852
NJ3401923700Flemington borough                                                   4200     1876       2769764             0    1.069412    0.000000 40.508653 -74.858077
NJ3401924870Franklin township                                                    2990     1125      59247668        108461   22.875653    0.041877 40.577095 -74.937278
NJ3401925350Frenchtown borough                                                   1488      630       3320433        160752    1.282026    0.062067 40.527820 -75.060953
NJ3401926550Glen Gardner borough                                                 1902      829       4045879             0    1.562123    0.000000 40.697699 -74.941314
NJ3401929460Hampton borough                                                      1546      574       3977005             0    1.535530    0.000000 40.706150 -74.957950
NJ3401931320High Bridge borough                                                  3776     1478       6245107         58762    2.411249    0.022688 40.668594 -74.892415
NJ3401932460Holland township                                                     5124     1942      61378332       1016699   23.698307    0.392550 40.595617 -75.125120
NJ3401937065Kingwood township                                                    3782     1422      91235187       1516117   35.226104    0.585376 40.487050 -75.015004
NJ3401938610Lambertville city                                                    3868     1961       2939025        302451    1.134764    0.116777 40.367881 -74.942860
NJ3401939630Lebanon borough                                                      1065      477       2247569             0    0.867791    0.000000 40.643465 -74.831873
NJ3401939660Lebanon township                                                     5816     2020      82067717         92599   31.686524    0.035753 40.726315 -74.894431
NJ3401946260Milford borough                                                      1195      484       2982661        187138    1.151612    0.072254 40.569457 -75.094083
NJ3401961920Raritan township                                                    19809     7094      98001751        174525   37.838689    0.067384 40.509203 -74.851395
NJ3401962250Readington township                                                 15803     5794     123523639        320331   47.692746    0.123680 40.578212 -74.780034
NJ3401970980Stockton borough                                                      560      258       1412979        151261    0.545554    0.058402 40.406701 -74.977546
NJ3401972510Tewksbury township                                                   5541     2052      81916927         49101   31.628304    0.018958 40.691821 -74.783302
NJ3401974420Union township                                                       6160     1725      49126847       4207783   18.967982    1.624634 40.630279 -74.971114
NJ3401978230West Amwell township                                                 2383      984      56262471        455512   21.723062    0.175874 40.379278 -74.915139
NJ3402119780East Windsor township                                               24919     9880      40520717        140010   15.645137    0.054058 40.268859 -74.537586
NJ3402122185Ewing township                                                      35707    12924      39715160        686938   15.334110    0.265228 40.259958 -74.788842
NJ3402129310Hamilton township                                                   87109    34535     102176707       2386392   39.450649    0.921391 40.213059 -74.697455
NJ3402131620Hightstown borough                                                   5216     2081       3177265         51948    1.226749    0.020057 40.269759 -74.524161
NJ3402133150Hopewell borough                                                     2035      836       1778417             0    0.686651    0.000000 40.389005 -74.764010
NJ3402133180Hopewell township                                                   16105     5629     150508871       1410138   58.111802    0.544457 40.335249 -74.797515
NJ3402139510Lawrence township                                                   29159    11180      57344686         97942   22.140908    0.037816 40.277728 -74.729338
NJ3402157600Pennington borough                                                   2696     1040       2492927          3255    0.962525    0.001257 40.325057 -74.792105
NJ3402160900Princeton borough                                                   14203     3495       4785878             0    1.847838    0.000000 40.352206 -74.657071
NJ3402160915Princeton township                                                  16027     6224      42434690        598742   16.384126    0.231176 40.357763 -74.659233
NJ3402174000Trenton city                                                        85403    33843      19831508       1266027    7.656988    0.488816 40.221741 -74.756138
NJ3402177210Washington township                                                 10275     4163      53030990         59092   20.475381    0.022816 40.220999 -74.602329
NJ3402180240West Windsor township                                               21907     7450      67355609        828098   26.006147    0.319730 40.298084 -74.619123
NJ3402310750Carteret borough                                                    20709     7320      11297912       1634791    4.362148    0.631196 40.582504 -74.229976
NJ3402315550Cranbury township                                                    3227     1121      34740002         99721   13.413190    0.038502 40.307108 -74.516403
NJ3402318490Dunellen borough                                                     6823     2520       2688144             0    1.037898    0.000000 40.589702 -74.466349
NJ3402319000East Brunswick township                                             46756    16640      56860282       1101770   21.953879    0.425396 40.434239 -74.405040
NJ3402320230Edison township                                                     97687    36018      78015701       1469968   30.122032    0.567558 40.538204 -74.378585
NJ3402330840Helmetta borough                                                     1825      769       2194798        130363    0.847416    0.050333 40.379507 -74.420998
NJ3402331470Highland Park borough                                               13999     6071       4761878             0    1.838571    0.000000 40.500254 -74.425700
NJ3402334890Jamesburg borough                                                    6025     2240       2183010          7058    0.842865    0.002725 40.350107 -74.439095
NJ3402345690Metuchen borough                                                    12840     5104       7098617             0    2.740791    0.000000 40.541054 -74.360992
NJ3402345900Middlesex borough                                                   13717     5130       9060321         63952    3.498210    0.024692 40.574552 -74.501876
NJ3402346620Milltown borough                                                     7000     2670       4072339         81788    1.572339    0.031579 40.452538 -74.438020
NJ3402347280Monroe township                                                     27999    13259     108631054        263505   41.942686    0.101740 40.336508 -74.433021
NJ3402351210New Brunswick city                                                  48573    13893      13536770       1348597    5.226576    0.520696 40.488304 -74.447751
NJ3402352560North Brunswick township                                            36287    13932      31137942        605406   12.022427    0.233749 40.452477 -74.476649
NJ3402354705Old Bridge township                                                 60456    21896      98641896       6664098   38.085851    2.573023 40.413390 -74.307026
NJ3402358200Perth Amboy city                                                    47303    15236      12385154       3102833    4.781935    1.198011 40.519455 -74.275326
NJ3402359010Piscataway township                                                 50482    16946      48630852        511471   18.776478    0.197480 40.555355 -74.460944
NJ3402359280Plainsboro township                                                 20215     9133      30659686       1066916   11.837771    0.411939 40.335081 -74.591083
NJ3402365790Sayreville borough                                                  40377    15235      41181953       7379623   15.900442    2.849288 40.465769 -74.324043
NJ3402368550South Amboy city                                                     7913     3110       4016868       2983812    1.550921    1.152056 40.481455 -74.285125
NJ3402368790South Brunswick township                                            37734    13862     105826861        619490   40.859981    0.239186 40.391703 -74.545909
NJ3402369390South Plainfield borough                                            21810     7307      21644833         96551    8.357117    0.037279 40.580703 -74.414015
NJ3402369420South River borough                                                 15322     5769       7288557        325852    2.814128    0.125812 40.444356 -74.381756
NJ3402369810Spotswood borough                                                    7880     3158       6020676        440193    2.324596    0.169959 40.392857 -74.392384
NJ3402382000Woodbridge township                                                 97203    35298      59593699       3134112   23.009257    1.210087 40.565254 -74.295634
NJ3402500000County subdivisions not defined                                         0        0             0     362611791    0.000000  140.005201 40.312902 -73.946118
NJ3402500070Aberdeen township                                                   17454     6558      14340815       5745199    5.537020    2.218234 40.417296 -74.222882
NJ3402500730Allenhurst borough                                                    718      370        676071         47046    0.261032    0.018165 40.237483 -74.004615
NJ3402500760Allentown borough                                                    1882      718       1573832         44733    0.607660    0.017272 40.176049 -74.584910
NJ3402501960Asbury Park city                                                    16930     7744       3702783        438983    1.429653    0.169492 40.222399 -74.012098
NJ3402502110Atlantic Highlands borough                                           4705     2056       3202260       8475194    1.236400    3.272291 40.411703 -74.033873
NJ3402502440Avon-by-the-Sea borough                                              2244     1387       1104323        312896    0.426382    0.120810 40.191809 -74.016886
NJ3402504930Belmar borough                                                       6045     3996       2643903       1743976    1.020817    0.673353 40.178342 -74.022446
NJ3402506970Bradley Beach borough                                                4793     3132       1533027         62142    0.591905    0.023993 40.202113 -74.013531
NJ3402507750Brielle borough                                                      4893     2123       4600897       1537867    1.776416    0.593774 40.108433 -74.062269
NJ3402514560Colts Neck township                                                 12331     3614      81394871       1750631   31.426737    0.675922 40.300226 -74.183066
NJ3402516660Deal borough                                                         1070      953       3147225        204935    1.215150    0.079126 40.247866 -73.997328
NJ3402519840Eatontown borough                                                   14008     6341      15328764         21017    5.918469    0.008115 40.293571 -74.056715
NJ3402521570Englishtown borough                                                  1764      680       1472766         29273    0.568638    0.011302 40.295965 -74.359821
NJ3402522440Fair Haven borough                                                   5937     2037       4320157         20753    1.668022    0.008013 40.360581 -74.037387
NJ3402522950Farmingdale borough                                                  1587      638       1382896             0    0.533939    0.000000 40.197049 -74.169677
NJ3402525200Freehold borough                                                    10976     3821       5167623             0    1.995230    0.000000 40.260143 -74.275428
NJ3402525230Freehold township                                                   31537    11032      99587135        204629   38.450809    0.079008 40.245209 -74.279428
NJ3402530690Hazlet township                                                     21378     7406      14561922        103268    5.622390    0.039872 40.428094 -74.169608
NJ3402531500Highlands borough                                                    5097     2820       1973501       1451897    0.761973    0.560581 40.402308 -73.987982
NJ3402532640Holmdel township                                                    15781     5137      46530298        314277   17.965449    0.121343 40.384832 -74.171948
NJ3402533300Howell township                                                     48903    16572     157765096        244791   60.913447    0.094514 40.164839 -74.207502
NJ3402534200Interlaken borough                                                    900      397        911885        112398    0.352081    0.043397 40.235522 -74.014930
NJ3402536480Keansburg borough                                                   10732     4269       2792307      40789184    1.078116   15.748793 40.447324 -74.131226
NJ3402536810Keyport borough                                                      7568     3400       3658027         25856    1.412372    0.009983 40.433311 -74.200369
NJ3402540770Little Silver borough                                                6170     2288       7178287       1562637    2.771552    0.603338 40.335170 -74.040599
NJ3402541010Loch Arbour village                                                   280      156        250584         98491    0.096751    0.038028 40.232583 -74.001952
NJ3402541310Long Branch city                                                    31340    13983      13509069       2519303    5.215881    0.972708 40.297932 -73.990971
NJ3402542990Manalapan township                                                  33423    11066      79816183        128381   30.817202    0.049568 40.296959 -74.330030
NJ3402543050Manasquan borough                                                    6310     3531       3568601       2985627    1.377845    1.152757 40.118819 -74.044743
NJ3402544070Marlboro township                                                   36398    11896      79237072             0   30.593606    0.000000 40.338568 -74.268523
NJ3402544520Matawan borough                                                      8910     3640       5903350        301082    2.279296    0.116248 40.411290 -74.234906
NJ3402545990Middletown township                                                 66327    23841     106504031      47204294   41.121438   18.225681 40.397164 -74.091301
NJ3402546560Millstone township                                                   8970     2797      95206946       1097436   36.759609    0.423722 40.209572 -74.437366
NJ3402547130Monmouth Beach borough                                               3595     1969       2775725       2209713    1.071713    0.853175 40.332877 -73.979860
NJ3402549890Neptune township                                                    27690    12217      21301440       1387334    8.224532    0.535653 40.209268 -74.038644
NJ3402549920Neptune City borough                                                 5218     2342       2353322             0    0.908623    0.000000 40.200463 -74.031282
NJ3402554270Ocean township                                                      26959    10756      28577329        221456   11.033769    0.085505 40.247723 -74.029954
NJ3402554570Oceanport borough                                                    5807     2114       8345965       1643614    3.222395    0.634603 40.317010 -74.015632
NJ3402562430Red Bank borough                                                    11844     5450       4620482        968562    1.783978    0.373964 40.347492 -74.067081
NJ3402564410Roosevelt borough                                                     933      351       5066348          6283    1.956128    0.002426 40.218296 -74.470786
NJ3402565130Rumson borough                                                       7137     2610      13532269       5206319    5.224838    2.010171 40.369644 -74.001667
NJ3402566240Sea Bright borough                                                   1818     1202       1653922       1263200    0.638583    0.487724 40.370314 -73.973471
NJ3402566330Sea Girt borough                                                     2148     1285       2744787       1012944    1.059768    0.391100 40.132828 -74.035323
NJ3402567350Shrewsbury borough                                                   3590     1223       5714634         43224    2.206433    0.016689 40.326524 -74.059289
NJ3402567365Shrewsbury township                                                  1098      546        244635             0    0.094454    0.000000 40.312628 -74.071988
NJ3402568670South Belmar borough                                                 1806     1107        638755         37479    0.246625    0.014471 40.171538 -74.025370
NJ3402570110Spring Lake borough                                                  3567     1930       3391819       1043880    1.309589    0.403044 40.152861 -74.026961
NJ3402570140Spring Lake Heights borough                                          5227     2950       3429300         50877    1.324060    0.019644 40.152267 -74.041984
NJ3402573020Tinton Falls borough                                                15053     6211      40372680         81676   15.587980    0.031535 40.277953 -74.089698
NJ3402574540Union Beach borough                                                  6649     2229       4857647        143505    1.875548    0.055408 40.443792 -74.170237
NJ3402574900Upper Freehold township                                              4282     1501     121368694        706506   46.860717    0.272784 40.155686 -74.523675
NJ3402576460Wall township                                                       25261     9957      79298352       2067461   30.617266    0.798251 40.158622 -74.070231
NJ3402579310West Long Branch borough                                             8258     2535       7478609         50413    2.887507    0.019465 40.289985 -74.016717
NJ3402706610Boonton town                                                         8496     3352       6079359        310169    2.347254    0.119757 40.905148 -74.409466
NJ3402706640Boonton township                                                     4287     1510      21819835        425412    8.424686    0.164252 40.929573 -74.429884
NJ3402709040Butler borough                                                       7420     2923       5384817         39051    2.079090    0.015078 40.999497 -74.346326
NJ3402712100Chatham borough                                                      8460     3232       6249893          3563    2.413097    0.001376 40.740400 -74.385480
NJ3402712130Chatham township                                                    10086     4019      24164961         47836    9.330144    0.018470 40.728203 -74.415657
NJ3402712580Chester borough                                                      1635      627       3983716             0    1.538121    0.000000 40.785999 -74.692904
NJ3402712610Chester township                                                     7282     2377      75956864         36372   29.327110    0.014043 40.780789 -74.686074
NJ3402717650Denville township                                                   15824     6178      31355201       1348746   12.106311    0.520754 40.886198 -74.488298
NJ3402718070Dover town                                                          18188     5568       6939538         64800    2.679371    0.025019 40.885899 -74.558241
NJ3402719210East Hanover township                                               11393     3895      21127712          5391    8.157456    0.002081 40.820012 -74.364746
NJ3402723910Florham Park borough                                                 8857     3342      19255981         40838    7.434776    0.015768 40.777250 -74.390278
NJ3402729550Hanover township                                                    12898     4818      27617504         74523   10.663178    0.028773 40.821299 -74.435535
NJ3402729700Harding township                                                     3180     1243      52932629         93912   20.437403    0.036260 40.746123 -74.497633
NJ3402734980Jefferson township                                                  19717     7527     105236575       6247225   40.632070    2.412067 40.983361 -74.572822
NJ3402737110Kinnelon borough                                                     9365     3123      46330337       2401721   17.888244    0.927310 40.991069 -74.372051
NJ3402740290Lincoln Park borough                                                10930     4110      17428946        614312    6.729354    0.237187 40.923233 -74.293764
NJ3402741362Long Hill township                                                   8777     3206      31275237          6431   12.075437    0.002483 40.676101 -74.494838
NJ3402742510Madison borough                                                     16530     5641      10878200             0    4.200097    0.000000 40.758750 -74.416098
NJ3402745330Mendham borough                                                      5097     1828      15600112         55080    6.023237    0.021267 40.774500 -74.601748
NJ3402745360Mendham township                                                     5400     1849      46255407        317982   17.859313    0.122774 40.787342 -74.583121
NJ3402746860Mine Hill township                                                   3679     1388       7755814         33649    2.994537    0.012992 40.878785 -74.600982
NJ3402747670Montville township                                                  20839     7541      48876424        680129   18.871294    0.262599 40.901899 -74.356047
NJ3402748090Morris township                                                     21796     8298      40818609        126132   15.760154    0.048700 40.794283 -74.492211
NJ3402748210Morris Plains borough                                                5236     1994       6717626         59863    2.593690    0.023113 40.832049 -74.481342
NJ3402748300Morristown town                                                     18544     7615       7618907        163137    2.941677    0.062988 40.798900 -74.478526
NJ3402748480Mountain Lakes borough                                               4256     1357       6919498        571501    2.671633    0.220658 40.887349 -74.440819
NJ3402748690Mount Arlington borough                                              4663     2039       5472024       1865236    2.112760    0.720172 40.914398 -74.639865
NJ3402749080Mount Olive township                                                24193     9311      78615965       1821529   30.353795    0.703296 40.864449 -74.731665
NJ3402750130Netcong borough                                                      2580     1043       2178842        146616    0.841256    0.056609 40.897548 -74.704356
NJ3402756460Parsippany-Troy Hills township                                      50649    20066      62010110       3821528   23.942238    1.475500 40.865499 -74.424688
NJ3402758110Pequannock township                                                 13888     5097      18304652        372517    7.067466    0.143830 40.960148 -74.297305
NJ3402761890Randolph township                                                   24847     8903      54297498        301003   20.964382    0.116218 40.847649 -74.574805
NJ3402763300Riverdale borough                                                    2498      940       5324001         38733    2.055608    0.014955 40.990032 -74.310236
NJ3402764050Rockaway borough                                                     6473     2491       5409983         44956    2.088806    0.017358 40.900365 -74.513557
NJ3402764080Rockaway township                                                   22930     8506     110900344       8216372   42.818864    3.172359 40.930031 -74.519533
NJ3402764980Roxbury township                                                    23883     8550      55358988       1374458   21.374226    0.530681 40.878191 -74.651659
NJ3402775890Victory Gardens borough                                              1546      588        378367             0    0.146088    0.000000 40.875432 -74.544473
NJ3402777240Washington township                                                 17592     5890     116194953          2250   44.863124    0.000869 40.795186 -74.790723
NJ3402780390Wharton borough                                                      6298     2394       5659158         68117    2.185013    0.026300 40.898098 -74.580151
NJ3402900000County subdivisions not defined                                         0        0             0     411658679    0.000000  158.942311 39.718468 -74.089714
NJ3402903050Barnegat township                                                   15270     6066      89801531      15946268   34.672566    6.156889 39.762878 -74.269240
NJ3402903130Barnegat Light borough                                                764     1207       1872366        349819    0.722925    0.135066 39.751960 -74.110745
NJ3402903520Bay Head borough                                                     1238     1053       1531019        294001    0.591130    0.113514 40.068690 -74.047064
NJ3402903940Beach Haven borough                                                  1278     2555       2542582       3478154    0.981696    1.342923 39.561296 -74.240424
NJ3402904180Beachwood borough                                                   10375     3623       7151775             0    2.761316    0.000000 39.931068 -74.196184
NJ3402905305Berkeley township                                                   39991    22288     111097744      33412507   42.895081   12.900642 39.945818 -74.189987
NJ3402907420Brick township                                                      76119    32689      67946617      15606038   26.234337    6.025525 40.063608 -74.115206
NJ3402918130Dover township                                                      89706    41116     106114348      30987006   40.970981   11.964150 39.978850 -74.147473
NJ3402918670Eagleswood township                                                  1441      693      42396535       6438654   16.369394    2.485978 39.650956 -74.303227
NJ3402930390Harvey Cedars borough                                                 359     1205       1414999       1674979    0.546334    0.646713 39.700679 -74.138421
NJ3402934530Island Heights borough                                               1751      807       1558848        705535    0.601875    0.272409 39.942616 -74.146890
NJ3402934680Jackson township                                                    42816    14640     259149562       1948761  100.058210    0.752421 40.107956 -74.329517
NJ3402937380Lacey township                                                      25346    10580     217555681      37613587   83.998722   14.522688 39.850888 -74.231705
NJ3402937770Lakehurst borough                                                    2522      961       2389237        231735    0.922490    0.089473 40.013066 -74.320390
NJ3402938550Lakewood township                                                   60352    21214      64277945        769831   24.817854    0.297233 40.082782 -74.209407
NJ3402939390Lavallette borough                                                   2665     3210       2082073        321188    0.803893    0.124011 39.968481 -74.071647
NJ3402940560Little Egg Harbor township                                          15945     7931     127185807      62335014   49.106717   24.067684 39.610727 -74.357294
NJ3402941250Long Beach township                                                  3329     9023      13745822      43216704    5.307292   16.686063 39.606610 -74.208753
NJ3402943140Manchester township                                                 38928    22681     213929725        749883   82.598732    0.289531 39.971750 -74.339648
NJ3402943380Mantoloking borough                                                   423      522       1142846        570503    0.441255    0.220272 40.047149 -74.049776
NJ3402954300Ocean township                                                       6450     2981      53866456      29077463   20.797956   11.226872 39.791069 -74.217520
NJ3402954450Ocean Gate borough                                                   2076     1152       1132208          5106    0.437148    0.001971 39.926268 -74.134653
NJ3402958590Pine Beach borough                                                   1950      872       1613425         15132    0.622947    0.005842 39.935618 -74.169683
NJ3402959790Plumsted township                                                    7275     2628     103641214        513121   40.016098    0.198117 40.076251 -74.500275
NJ3402959880Point Pleasant borough                                              19306     8350       9155280       1625620    3.534874    0.627655 40.079642 -74.070419
NJ3402959910Point Pleasant Beach borough                                         5314     3558       3723770        725700    1.437756    0.280194 40.091565 -74.045032
NJ3402966450Seaside Heights borough                                              3155     2840       1582922        378111    0.611170    0.145989 39.943068 -74.074193
NJ3402966480Seaside Park borough                                                 2263     2811       1683509        295691    0.650006    0.114167 39.927154 -74.077602
NJ3402967110Ship Bottom borough                                                  1384     2218       1800275        774136    0.695090    0.298896 39.647060 -74.181322
NJ3402969510South Toms River borough                                             3634     1123       3005198        149646    1.160313    0.057779 39.942351 -74.210509
NJ3402970320Stafford township                                                   22532    11522     120508342      21478584   46.528533    8.292928 39.705145 -74.263543
NJ3402971640Surf City borough                                                    1442     2621       1876351        512314    0.724463    0.197806 39.661385 -74.166633
NJ3402974210Tuckerton borough                                                    3517     1971       9471481        307021    3.656959    0.118541 39.601355 -74.338125
NJ3403106340Bloomingdale borough                                                 7610     2940      22794013       1059460    8.800818    0.409060 41.014497 -74.330212
NJ3403113690Clifton city                                                        78672    31060      29253926        268751   11.295004    0.103765 40.867899 -74.154520
NJ3403129070Haledon borough                                                      8252     2906       3005413            31    1.160396    0.000012 40.935598 -74.186621
NJ3403130570Hawthorne borough                                                   18218     7419       8795063         56344    3.395793    0.021755 40.957498 -74.156275
NJ3403140620Little Falls township                                               10855     4797       7132298        194058    2.753796    0.074926 40.879799 -74.228422
NJ3403153040North Haledon borough                                                7920     2675       8916303         88207    3.442604    0.034057 40.961598 -74.183934
NJ3403156550Passaic city                                                        67861    20194       8060593        258415    3.112212    0.099775 40.857384 -74.128997
NJ3403157000Paterson city                                                      149222    47169      21865645        754974    8.442373    0.291497 40.915498 -74.162927
NJ3403160090Pompton Lakes borough                                               10640     4024       7685323        489600    2.967320    0.189036 41.000447 -74.286221
NJ3403161170Prospect Park borough                                                5779     1889       1242770          4488    0.479836    0.001733 40.935348 -74.173173
NJ3403163150Ringwood borough                                                    12396     4221      65393488       7203247   25.248568    2.781189 41.096095 -74.260124
NJ3403173140Totowa borough                                                       9892     3630      10352406        132114    3.997086    0.051010 40.903348 -74.217638
NJ3403176730Wanaque borough                                                     10266     3500      20662984       3184719    7.978023    1.229627 41.039646 -74.289323
NJ3403177840Wayne township                                                      54069    19218      61703690       3536000   23.823929    1.365257 40.942081 -74.250452
NJ3403179460West Milford township                                               26410     9909     195381013      12875925   75.437034    4.971423 41.118591 -74.383631
NJ3403179820West Paterson borough                                               10987     4497       7658712        350941    2.957045    0.135499 40.893698 -74.198904
NJ3403300880Alloway township                                                     2774      995      85069022        853016   32.845334    0.329351 39.559722 -75.329301
NJ3403310610Carneys Point township                                               7684     3330      45322200        651417   17.499000    0.251514 39.705041 -75.468218
NJ3403321240Elmer borough                                                        1384      557       2240970         35634    0.865243    0.013758 39.591998 -75.172430
NJ3403321330Elsinboro township                                                   1092      530      31769586       2744294   12.266306    1.059578 39.538033 -75.495132
NJ3403341640Lower Alloways Creek township                                        1851      730     121154757      66831071   46.778115   25.803622 39.475476 -75.451642
NJ3403343200Mannington township                                                  1559      573      90079277       9435150   34.779805    3.642932 39.612412 -75.407818
NJ3403354810Oldmans township                                                     1798      694      51715380        865938   19.967421    0.334341 39.740353 -75.412622
NJ3403357750Penns Grove borough                                                  4886     2075       2398646             0    0.926122    0.000000 39.728188 -75.468050
NJ3403357870Pennsville township                                                 13194     5623      59831793       4425789   23.101185    1.708807 39.653457 -75.512786
NJ3403358530Pilesgrove township                                                  3923     1261      90411740        374078   34.908169    0.144432 39.650785 -75.316124
NJ3403359130Pittsgrove township                                                  8893     3155     117033628       1914065   45.186938    0.739025 39.538454 -75.130006
NJ3403361470Quinton township                                                     2786     1133      62608108        954278   24.173127    0.368449 39.529129 -75.391647
NJ3403365490Salem city                                                           5857     2863       6759182        482500    2.609735    0.186294 39.569584 -75.467622
NJ3403375110Upper Pittsgrove township                                            3468     1250     104599539        185295   40.386110    0.071543 39.616667 -75.204936
NJ3403382720Woodstown borough                                                    3136     1389       4111314         96358    1.587387    0.037204 39.651041 -75.327028
NJ3403504450Bedminster township                                                  8302     4467      68560491          6622   26.471355    0.002557 40.667401 -74.655644
NJ3403505560Bernards township                                                   24575     9485      62170056         26046   24.003994    0.010056 40.684451 -74.570209
NJ3403505590Bernardsville borough                                                7345     2807      33487907         35843   12.929754    0.013839 40.718800 -74.577675
NJ3403506790Bound Brook borough                                                 10155     3802       4417675             0    1.705674    0.000000 40.565203 -74.539513
NJ3403507180Branchburg township                                                 14566     5405      52460501             0   20.255114    0.000000 40.564603 -74.715405
NJ3403507720Bridgewater township                                                42940    15879      84037745        237401   32.447156    0.091661 40.590644 -74.614370
NJ3403522890Far Hills borough                                                     859      386      12587071        143192    4.859895    0.055287 40.686872 -74.633400
NJ3403524900Franklin township                                                   50903    19789     121143565        188717   46.773794    0.072864 40.493904 -74.516917
NJ3403527510Green Brook township                                                 5654     1916      11860544             0    4.579382    0.000000 40.604502 -74.482889
NJ3403531890Hillsborough township                                               36634    12854     141642606        257054   54.688518    0.099249 40.507303 -74.656173
NJ3403543620Manville borough                                                    10343     4296       6427876             0    2.481817    0.000000 40.539003 -74.593450
NJ3403546590Millstone borough                                                     410      173       1940929             0    0.749397    0.000000 40.499453 -74.590875
NJ3403547580Montgomery township                                                 17481     6130      84479236             0   32.617617    0.000000 40.430705 -74.667886
NJ3403553280North Plainfield borough                                            21103     7393       7224955             0    2.789571    0.000000 40.622735 -74.435784
NJ3403557300Peapack and Gladstone borough                                        2433      871      15021739             0    5.799926    0.000000 40.717900 -74.659725
NJ3403561980Raritan borough                                                      6338     2644       5271743             0    2.035431    0.000000 40.571302 -74.637405
NJ3403564320Rocky Hill borough                                                    662      295       1745925             0    0.674105    0.000000 40.400406 -74.638955
NJ3403568460Somerville borough                                                  12423     4882       6114250             0    2.360725    0.000000 40.570831 -74.605344
NJ3403568730South Bound Brook borough                                            4492     1676       2017966             0    0.779141    0.000000 40.553803 -74.529761
NJ3403576940Warren township                                                     14259     4718      50939887             0   19.668001    0.000000 40.633652 -74.500804
NJ3403577600Watchung borough                                                     5613     2155      15582076         47487    6.016273    0.018335 40.639202 -74.443715
NJ3403701330Andover borough                                                       658      273       3771293         31400    1.456104    0.012124 40.985997 -74.742015
NJ3403701360Andover township                                                     6033     1968      52276995       1478133   20.184261    0.570710 41.013761 -74.732198
NJ3403707300Branchville borough                                                   845      377       1539491             0    0.594401    0.000000 41.146748 -74.749243
NJ3403709160Byram township                                                       8254     3078      54565927       2868138   21.068023    1.107394 40.961456 -74.722435
NJ3403724810Frankford township                                                   5420     2295      88356072       3396974   34.114472    1.311579 41.157195 -74.745172
NJ3403724930Franklin borough                                                     5160     1997      11619618        158740    4.486360    0.061290 41.117157 -74.582868
NJ3403725140Fredon township                                                      2860     1019      45991561        479752   17.757442    0.185233 41.030681 -74.820395
NJ3403727420Green township                                                       3220     1069      41904646        332056   16.179475    0.128208 40.970867 -74.788064
NJ3403729220Hamburg borough                                                      3105     1233       2993331         16209    1.155732    0.006258 41.151486 -74.574018
NJ3403729490Hampton township                                                     4943     2026      63775964       1779886   24.624038    0.687218 41.109124 -74.801328
NJ3403729850Hardyston township                                                   6171     2690      83122148       1412557   32.093642    0.545391 41.109388 -74.553445
NJ3403732910Hopatcong borough                                                   15888     6190      28385510       3571068   10.959707    1.378797 40.938650 -74.664462
NJ3403737440Lafayette township                                                   2300      799      46681503         89082   18.023830    0.034395 41.111268 -74.677582
NJ3403747430Montague township                                                    3412     1588     113981779       3442371   44.008613    1.329107 41.303568 -74.749143
NJ3403751930Newton town                                                          8244     3425       8022006         14419    3.097314    0.005567 41.054683 -74.756086
NJ3403754660Ogdensburg borough                                                   2638      903       5916875         47703    2.284518    0.018418 41.080066 -74.597201
NJ3403765700Sandyston township                                                   1825      907     110350853       1808811   42.606704    0.698386 41.214656 -74.805211
NJ3403769690Sparta township                                                     18080     6590      96850180       4735671   37.394065    1.828453 41.038368 -74.632147
NJ3403770380Stanhope borough                                                     3584     1419       4850729        868860    1.872877    0.335469 40.911163 -74.704899
NJ3403770890Stillwater township                                                  4267     2030      70236400       3253255   27.118427    1.256089 41.069491 -74.859407
NJ3403771670Sussex borough                                                       2145      961       1544110         63588    0.596184    0.024551 41.209485 -74.606878
NJ3403775740Vernon township                                                     24686     9994     177138719       5548332   68.393645    2.142223 41.194584 -74.493266
NJ3403776640Walpack township                                                       41       34      62330106       1682234   24.065789    0.649514 41.125637 -74.912150
NJ3403776790Wantage township                                                    10387     3663     173839636       1083115   67.119862    0.418193 41.240024 -74.629698
NJ3403905320Berkeley Heights township                                           13407     4562      16221115         27835    6.263008    0.010747 40.677405 -74.429711
NJ3403913150Clark township                                                      14597     5709      11253259        365663    4.344908    0.141183 40.620336 -74.309340
NJ3403915640Cranford township                                                   22578     8560      12483918         51891    4.820068    0.020035 40.656302 -74.303716
NJ3403921000Elizabeth city                                                     120568    42838      31652836       3714094   12.221229    1.434020 40.662152 -74.209066
NJ3403922860Fanwood borough                                                      7174     2615       3464351             0    1.337593    0.000000 40.641852 -74.385334
NJ3403925800Garwood borough                                                      4153     1782       1709258             0    0.659948    0.000000 40.650802 -74.323510
NJ3403931980Hillside township                                                   21747     7388       7227014             0    2.790366    0.000000 40.695552 -74.228561
NJ3403936690Kenilworth borough                                                   7675     2926       5545034          4224    2.140950    0.001631 40.674652 -74.290808
NJ3403940350Linden city                                                         39394    15567      27987945       1072720   10.806206    0.414180 40.633803 -74.249940
NJ3403948510Mountainside borough                                                 6602     2478      10421494         86219    4.023762    0.033289 40.680301 -74.356011
NJ3403951810New Providence borough                                              11907     4485       9527362             0    3.678535    0.000000 40.700501 -74.403096
NJ3403959190Plainfield city                                                     47829    16180      15637592          3195    6.037708    0.001234 40.615352 -74.416070
NJ3403961530Rahway city                                                         26500    10381      10332284        128310    3.989317    0.049541 40.607103 -74.280998
NJ3403964620Roselle borough                                                     21274     7870       6845630         27000    2.643113    0.010425 40.653502 -74.260584
NJ3403964650Roselle Park borough                                                13281     5258       3168634             0    1.223416    0.000000 40.665352 -74.268710
NJ3403966060Scotch Plains township                                              22732     8479      23519152         35423    9.080796    0.013677 40.638252 -74.373914
NJ3403970020Springfield township                                                14429     6204      13338080         10556    5.149862    0.004076 40.701801 -74.322168
NJ3403971430Summit city                                                         21131     8146      15678499         55519    6.053503    0.021436 40.716201 -74.362459
NJ3403974480Union township                                                      54405    20001      23610157          2579    9.115933    0.000996 40.696951 -74.270439
NJ3403979040Westfield town                                                      29644    10819      17436973         39624    6.732453    0.015299 40.649869 -74.343183
NJ3403981650Winfield township                                                    1514      697        457109             0    0.176491    0.000000 40.635702 -74.289523
NJ3404100670Allamuchy township                                                   3877     1774      53195894        592554   20.539050    0.228786 40.920629 -74.834043
NJ3404101030Alpha borough                                                        2482     1034       4396936         99604    1.697667    0.038457 40.664003 -75.159871
NJ3404104990Belvidere town                                                       2771     1165       3431045         54710    1.324734    0.021124 40.828299 -75.076496
NJ3404106160Blairstown township                                                  5747     2136      80343086       1949288   31.020640    0.752624 40.979244 -74.996871
NJ3404124960Franklin township                                                    2768     1019      62129958        114889   23.988512    0.044359 40.719766 -75.059287
NJ3404125320Frelinghuysen township                                               2083      755      60695085        309162   23.434504    0.119368 40.959345 -74.895836
NJ3404128260Greenwich township                                                   4365     1477      27334747             0   10.554005    0.000000 40.686209 -75.118014
NJ3404128710Hackettstown town                                                   10403     4347       9590322             0    3.702844    0.000000 40.853248 -74.829351
NJ3404129820Hardwick township                                                    1464      530      94494926       3725191   36.484696    1.438304 41.021903 -74.968088
NJ3404130090Harmony township                                                     2729     1076      61671765        849872   23.811603    0.328137 40.760294 -75.121846
NJ3404133060Hope township                                                        1891      747      47911880        468987   18.498881    0.181077 40.915391 -74.970033
NJ3404133930Independence township                                                5603     2210      51385731        124490   19.840143    0.048066 40.865444 -74.858796
NJ3404137320Knowlton township                                                    2977     1135      64176885       1375818   24.778835    0.531206 40.923298 -75.065712
NJ3404140110Liberty township                                                     2765     1088      30565299        532971   11.801328    0.205781 40.869729 -74.954856
NJ3404141490Lopatcong township                                                   5765     2429      18329976        161138    7.077244    0.062216 40.706343 -75.163919
NJ3404143320Mansfield township                                                   6653     2415      77498522         45710   29.922348    0.017649 40.804332 -74.900932
NJ3404155530Oxford township                                                      2307      938      15373860        203684    5.935881    0.078643 40.804715 -74.996092
NJ3404158350Phillipsburg town                                                   15166     6651       8350976        294871    3.224330    0.113850 40.689474 -75.185340
NJ3404159820Pohatcong township                                                   3416     1411      34514018        723516   13.325937    0.279351 40.667059 -75.161580
NJ3404177270Washington borough                                                   6712     2876       5068431          1855    1.956932    0.000716 40.760532 -74.979231
NJ3404177300Washington township                                                  6248     2174      45523662         45056   17.576785    0.017396 40.749141 -74.982594
NJ3404180570White township                                                       4245     1770      70887212        984649   27.369707    0.380175 40.831162 -75.058426
